38,5
38,4
38,3
38,2
38,1
38,0
37,4
37,3
37,2
37,1
37,0
36,3
36,2
36,1
36,0
35,3
35,2
35,1
35,0
34,5
34,4
34,3
34,2
34,1
34,0
33,4
33,3
33,2
33,1
33,0
32,3
32,2
32,1
32,0
31,4
31,3
31,2
31,1
31,0
30,8
30,7
30,6
30,5
30,4
30,3
30,2
30,1
30,0
29,5
29,4
29,3
29,2
29,1
29,0
28,3
28,2
28,1
28,0
27,6
27,5
27,4
27,3
27,2
27,1
27,0
26,4
26,3
26,2
26,1
26,0
25,4
25,3
25,2
25,1
25,0
24,6
24,5
24,4
24,3
24,2
24,1
24,0
23,5
23,4
23,3
23,2
23,1
23,0
22,6
22,5
22,4
22,3
22,2
22,1
22,0
21,4
21,3
21,2
21,1
21,0
20,9
20,8
20,7
20,6
20,5
20,4
20,3
20,2
20,1
20,0
19,10
19,9
19,8
19,7
19,6
19,5
19,4
19,3
19,2
19,1
19,0
18,5
18,4
18,3
18,2
18,1
18,0
17,5
17,4
17,3
17,2
17,1
17,0
16,3
16,2
16,1
16,0
15,4
15,3
15,2
15,1
15,0
14,4
14,3
14,2
14,1
14,0
13,13
13,12
13,11
13,10
13,9
13,8
13,7
13,6
13,5
13,4
13,3
13,2
13,1
13,0
12,4
12,3
12,2
12,1
12,0
11,9
11,8
11,7
11,6
11,5
11,4
11,3
11,2
11,1
11,0
10,4
10,3
10,2
10,1
10,0
9,4
9,3
9,2
9,1
9,0
8,3
8,2
8,1
8,0
7,3
5,27
5,26
5,25
5,24
5,23
5,22
5,21
5,20
5,19
5,18
5,17
5,16
5,15
5,14
5,13
5,12
5,11
5,10
5,9
5,8
5,7
5,6
5,5
5,4
5,3
5,2
5,0
4,3
3,2
2,2
1,2
0,61
0,60
0,59
0,57
0,56
0,52
0,51
0,9
0,2
38,6
39,0
39,2
39,3
39,5
40,0
40,2
40,4
40,5
41,1
41,2
41,4
42,0
42,1
42,3
42,4
43,0
43,1
43,3
43,5
43,6
44,1
44,2
44,4
45,0
45,1
45,3
45,4
46,1
46,2
46,4
47,1
47,2
47,4
47,5
48,1
48,3
48,4
48,6
49,0
49,2
49,3
49,5
50,0
50,1
50,3
50,4
50,6
51,1
51,2
51,4
52,0
52,2
52,4
52,5
53,1
53,2
53,4
53,5
54,0
54,2
54,3
54,5
55,0
55,2
55,4
55,5
55,7
55,8
55,10
56,0
56,2
56,4
56,5
57,0
57,1
57,3
57,5
58,0
58,2
58,3
58,5
59,0
59,2
59,4
60,0
60,2
60,3
60,5
61,1
61,2
61,4
62,0
62,2
62,4
63,0
63,2
63,3
64,0
64,1
64,3
65,0
65,1
65,3
65,4
66,1
66,3
66,4
67,1
67,2
67,4
68,0
68,2
68,4
69,0
69,2
69,3
70,0
70,2
70,3
71,0
71,1
71,3
71,4
72,1
72,3
72,4
73,1
73,2
73,4
74,1
74,2
74,4
75,0
75,2
75,3
76,0
76,2
76,3
77,0
77,1
77,3
78,0
78,1
78,3
78,4
78,6
78,8
78,9
79,1
79,2
79,4
79,5
80,0
80,2
80,3
80,5
80,6
81,1
81,3
81,4
82,0
82,1
82,3
82,4
83,1
83,3
83,4
84,1
84,2
84,4
85,0
85,1
85,3
85,4
86,1
86,2
87,0
87,2
87,3
87,5
87,6
87,8
88,0
88,1
88,3
88,4
89,1
89,3
89,4
90,1
90,2
90,4
91,0
91,2
91,4
91,5
92,1
92,2
92,4
93,0
93,1
93,3
93,4
94,1
94,2
94,4
95,1
95,2
95,4
95,5
96,1
96,3
96,4
96,6
96,7
97,1
97,2
97,4
97,6
97,7
98,1
98,2
98,4
98,6
99,0
99,2
99,3
99,5
100,0
100,2
100,4
100,5
101,0
101,1
101,3
101,5
101,6
102,1
102,2
102,4
103,1
103,2
103,4
104,0
104,2
104,3
105,0
105,2
105,3
105,5
106,0
106,2
106,4
106,5
107,1
107,2
107,4
108,0
108,2
109,0
109,1
109,3
109,4
110,1
110,3
111,0
111,2
111,3
112,0
112,1
112,3
113,1
113,2
113,4
114,0
114,2
114,4
115,0
115,2
115,3
115,5
116,0
116,1
116,3
116,4
117,1
117,2
117,4
117,6
117,7
118,1
118,2
118,4
119,0
119,1
119,3
119,4
120,0
120,1
120,3
121,0
121,1
121,3
121,4
121,6
122,1
122,2
122,4
123,0
123,2
123,3
123,5
124,1
124,2
124,4
125,0
125,2
126,0
126,1
126,3
127,0
127,2
127,4
127,5
128,0
128,1
128,3
128,4
128,6
129,1
129,2
129,4
130,0
130,2
130,4
130,5
130,7
130,8
131,1
131,2
132,0
132,2
132,3
133,0
133,1
133,3
134,1
134,2
134,4
134,3
134,0
133,2
132,4
132,1
131,3
131,0
130,6
130,3
130,1
129,3
129,0
128,5
128,2
127,6
127,3
127,1
126,2
125,3
125,1
124,3
124,0
123,4
123,1
122,3
122,0
121,5
121,2
120,4
120,2
119,5
119,2
118,5
118,3
118,0
117,5
117,3
117,0
116,2
115,6
115,4
115,1
114,3
114,1
113,3
113,0
112,2
111,4
111,1
110,2
110,0
109,2
108,3
108,1
107,3
107,0
106,3
106,1
105,4
105,1
104,4
104,1
103,3
103,0
102,3
102,0
101,4
101,2
100,6
100,3
100,1
99,4
99,1
98,5
98,3
98,0
97,5
97,3
97,0
96,5
96,2
96,0
95,3
95,0
94,3
94,0
93,2
92,5
92,3
92,0
91,3
91,1
90,3
90,0
89,2
89,0
88,2
87,9
87,7
87,4
87,1
86,3
86,0
85,2
84,5
84,3
84,0
83,2
83,0
82,2
81,5
81,2
81,0
80,4
80,1
79,6
79,3
79,0
78,7
78,5
78,2
77,4
77,2
76,4
76,1
75,4
75,1
74,3
74,0
73,3
73,0
72,2
72,0
71,2
70,4
70,1
69,4
69,1
68,3
68,1
67,3
67,0
66,2
66,0
65,2
64,4
64,2
63,4
63,1
62,3
62,1
61,3
61,0
60,4
60,1
59,3
59,1
58,4
58,1
57,4
57,2
56,6
56,3
56,1
55,9
55,6
55,3
55,1
54,4
54,1
53,6
53,3
53,0
52,3
52,1
51,3
51,0
50,5
50,2
49,6
49,4
49,1
48,5
48,2
48,0
47,3
47,0
46,3
46,0
45,2
44,5
44,3
44,0
43,4
43,2
42,5
42,2
41,5
41,3
41,0
40,3
40,1
39,4
39,1
0,58
0,54
1,45
3,44
2,44
1,44
3,43
2,43
1,43
3,42
2,42
1,42
3,41
2,41
1,41
3,40
2,40
1,40
3,39
2,39
1,39
3,38
2,38
1,38
3,37
2,37
1,37
3,36
2,36
1,36
3,35
2,35
1,35
3,34
2,34
1,34
3,33
2,33
1,33
3,32
2,32
1,32
3,31
2,31
1,31
3,30
2,30
1,30
3,29
2,29
1,29
3,28
2,28
1,28
3,27
2,27
1,27
3,26
2,26
1,26
3,25
2,25
1,25
3,24
2,24
1,24
3,23
2,23
1,23
3,22
2,22
1,22
3,21
2,21
1,21
3,20
2,20
1,20
3,19
2,19
1,19
3,18
2,18
1,18
3,17
2,17
1,17
3,16
2,16
1,16
3,15
2,15
1,15
3,14
2,14
1,14
3,13
2,13
1,13
3,12
2,12
1,12
3,11
2,11
1,11
3,10
2,10
1,10
3,9
2,9
1,9
3,8
2,8
1,8
3,7
2,7
1,7
3,6
2,6
1,6
3,5
2,5
1,5
3,4
2,4
1,4
3,3
3,0
2,3
2,0
1,3
1,0
0,6
0,0
0,47
0,46
0,49
0,48
0,45
0,55
0,12
0,50
0,10
0,8
0,53
0,11
0,5
0,7
0,4
0,3
